0.0 1.0 1.0 0.0 0.5
0.03754693366708386 1.03680743436 0.960172338138 0.0208575476086 0.6110191437
0.07509386733416772 1.07207193047 0.917861149616 0.0458806236427 0.721786219095
0.11264080100125157 1.10570594112 0.873373876188 0.0750487770297 0.831715312552
0.15018773466833543 1.13763363858 0.827024007291 0.108319522362 0.940220196458
0.18773466833541927 1.16779104134 0.779129275144 0.145628425762 1.04671741205
0.22528160200250313 1.19612614585 0.730009780538 0.186889242217 1.1506295057
0.26282853566958697 1.22259898247 0.679985990254 0.231994209497 1.25138844877
0.30037546933667086 1.24718159204 0.629376800511 0.280814466499 1.34843891739
0.3379224030037547 1.26985793099 0.578497654534 0.33320058625 1.44124145434
0.37546933667083854 1.29062369538 0.527658586844 0.38898326736 1.52927572584
0.4130162703379224 1.3094861097 0.477162620399 0.447974020349 1.61204316617
0.45056320400500627 1.32646359831 0.427303778865 0.509966140305 1.68907023264
0.4881101376720901 1.34158544499 0.378365540586 0.574735617416 1.75991090578
0.5256570713391739 1.35489136718 0.330619191311 0.642042222698 1.82414932953
0.5632040050062578 1.36643098274 0.284322157561 0.711630796481 1.88140244379
0.6007509386733417 1.37626328153 0.239716683156 0.783232468787 1.9313220343
0.6382978723404256 1.38445613159 0.197028725754 0.856565777185 1.97359642084
0.6758448060075094 1.39108547641 0.156466258627 0.931338468054 2.00795303862
0.7133917396745932 1.3962347976 0.118218683608 1.00724861479 2.03415922661
0.7509386733416771 1.399994123 0.0824549753987 1.08398680615 2.05202500165
0.7884856070087609 1.4024596106 0.0493240693578 1.16123687468 2.0614022292
0.8260325406758448 1.40373260606 0.0189534986988 1.23867792533 2.06218656911
0.8635794743429287 1.40391877803 -0.00855138320386 1.31598612234 2.05431845081
0.9011264080100125 1.40312736282 -0.0331074406246 1.39283614856 2.03778282569
0.9386733416770964 1.40147028332 -0.0546542644001 1.4689029926 2.01260966825
0.9762202753441802 1.39906130203 -0.0731542456667 1.54386361007 1.97887374147
1.0137672090112642 1.3960151749 -0.0885925982294 1.61739858025 1.93669426918
1.0513141426783479 1.39244673156 -0.100977180941 1.68919388802 1.88623422507
1.0888610763454318 1.38847015305 -0.110338350687 1.75894232305 1.82769976052
1.1264080100125156 1.38419798767 -0.116728342346 1.82634534884 1.76133868378
1.1639549436795995 1.37974064712 -0.120220974067 1.89111406521 1.68743971695
1.2015018773466835 1.37520511496 -0.1209106959 1.95297165539 1.60633024878
1.2390488110137672 1.37069454718 -0.118911917793 2.01165411532 1.51837496442
1.2765957446808511 1.36630743651 -0.114358044949 2.06691181601 1.42397376084
1.3141426783479349 1.36213693207 -0.107400441598 2.11851076046 1.32355959634
1.3516896120150188 1.35827020172 -0.0982073050058 2.16623375346 1.21759619322
1.3892365456821025 1.35478778347 -0.086962343561 2.20988158281 1.10657537774
1.4267834793491865 1.35176303522 -0.0738634049677 2.24927401074 0.991014362527
1.4643304130162704 1.34926164048 -0.0591210614503 2.28425065636 0.871452969474
1.5018773466833542 1.34734117584 -0.042957141508 2.31467175936 0.748450771816
1.539424280350438 1.34605070098 -0.0256031207043 2.34041889547 0.622583981118
1.5769712140175218 1.34543042773 -0.00729848095831 2.36139554067 0.494442299294
1.6145181476846058 1.34551144921 0.0117109828818 2.37752752033 0.36462568787
1.6520650813516895 1.34631553809 0.0311748775294 2.38876332777 0.233741113847
1.6896120150187734 1.34785500848 0.0508399204558 2.39507432289 0.102399319703
1.7271589486858574 1.35013263806 0.070451728961 2.39645481516 -0.0287885444683
1.7647058823529411 1.35314165992 0.0897565317937 2.39292201832 -0.159214131132
1.802252816020025 1.35686581652 0.108502964238 2.38451588549 -0.288275252724
1.8397997496871088 1.36127948587 0.126443826539 2.37129881013 -0.415379160236
1.8773466833541927 1.3663478687 0.143337695803 2.35335521748 -0.53994554068
1.9148936170212767 1.37202723571 0.158950647424 2.33079103922 -0.661409715566
1.9524405506883604 1.37826524098 0.173057855648 2.30373306761 -0.779225607854
1.9899874843554444 1.38500129598 0.185445141862 2.27232819726 -0.892868608775
2.0275344180225283 1.39216698342 0.195910471603 2.23674259286 -1.00183834874
2.065081351689612 1.39968655821 0.204265341655 2.19716069598 -1.10566126186
2.1026282853566958 1.40747747146 0.210336104563 2.15378418908 -1.20389303728
2.1401752190237797 1.41545095164 0.213965193268 2.10683085387 -1.29612088655
2.1777221526908637 1.4235126293 0.21501224567 2.05653334895 -1.38196562881
2.2152690863579476 1.43156320563 0.213355108502 2.0031379059 -1.46108355756
2.252816020025031 1.43949915256 0.208890733125 1.94690296678 -1.53316811305
2.290362953692115 1.44721345283 0.201535918003 1.88809774671 -1.59795127939
2.327909887359199 1.45459632008 0.191228117319 1.82700083351 -1.65520510081
2.365456821026283 1.46153604215 0.177925712718 1.76389855578 -1.70474223634
2.403003754693367 1.46791972713 0.161608666035 1.69908353304 -1.7464171981
2.4405506883604504 1.47363415404 0.142278502955 1.63285302512 -1.78012639763
2.4780976220275344 1.47856655365 0.119958723303 1.56550741506 -1.80580895242
2.5156445556946183 1.48260546085 0.0946944995293 1.49734854967 -1.82344622902
2.5531914893617023 1.48564150694 0.0665527613357 1.42867819478 -1.83306207349
2.5907384230287858 1.48756824303 0.0356217524357 1.35979642385 -1.83472210705
2.6282853566958697 1.48828292954 0.00201071753184 1.29100006927 -1.8285332544
2.6658322903629537 1.48768730781 -0.0341508083954 1.22258119695 -1.81464257264
2.7033792240300376 1.48568835601 -0.0727135339556 1.15482561142 -1.79323639051
2.7409261576971216 1.48219901593 -0.113509268822 1.08801140482 -1.76453888076
2.778473091364205 1.47713890332 -0.156351884947 1.0224075279 -1.72881045321
2.816020025031289 1.47043487888 -0.201038211927 0.958272631778 -1.68634625139
2.853566958698373 1.46202179805 -0.247349387844 0.895853532741 -1.63747387692
2.891113892365457 1.45184301038 -0.295052013644 0.835384167758 -1.5825514356
2.928660826032541 1.43985085419 -0.34389945197 0.777084545325 -1.52196533507
2.9662077596996244 1.42600716214 -0.393633296996 0.721159657089 -1.45612779038
3.0037546933667083 1.41028366392 -0.443984874798 0.667798576674 -1.38547427208
3.0413016270337923 1.3926623468 -0.494676803358 0.617173629759 -1.31046084932
3.078848560700876 1.37313575597 -0.545424620835 0.569439666114 -1.23156141342
3.11639549436796 1.35170721952 -0.595938467051 0.524733460112 -1.1492648075
3.1539424280350437 1.32839102252 -0.645924793378 0.483173198223 -1.06407190493
3.1914893617021276 1.30321251617 -0.695088103428 0.444858077547 -0.976492632378
3.2290362953692116 1.27620814331 -0.743132717403 0.409868047345 -0.887042948689
3.2665832290362955 1.24742542005 -0.789764535512 0.378263625849 -0.796241823416
3.304130162703379 1.21692294363 -0.834692790609 0.35008567229 -0.704608234701
3.341677096370463 1.18477004009 -0.877631818943 0.325355775958 -0.612658119342
3.379224030037547 1.15104660362 -0.918302862236 0.304076316581 -0.520901278581
3.416770963704631 1.11584292565 -0.956435576374 0.286230545441 -0.429838781742
3.454317897371715 1.07925921697 -0.991769843563 0.27178318938 -0.339959839579
3.4918648310387983 1.0414052551 -1.02405727987 0.260680843853 -0.251739198825
3.5294117647058822 1.00239989531 -1.05306282664 0.252852598523 -0.165634388988
3.566958698372966 0.962370544721 -1.07856617241 0.248210728915 -0.0820832498144
3.60450563204005 0.921452591507 -1.10036312424 0.246651465456 -0.00150154280958
3.642052565707134 0.879788758099 -1.11826694942 0.248055893965 0.0757193905704
3.6795994993742176 0.837528439397 -1.13210949218 0.252290885511 0.149214596809
3.7171464330413015 0.794826974002 -1.1417423205 0.259210140603 0.218647532109
3.7546933667083855 0.75184488819 -1.14703768621 0.268655284041 0.28371177423
3.7922403003754694 0.708747102809 -1.14788938692 0.280457025458 0.344132573332
3.8297872340425534 0.665702110015 -1.14421350667 0.294436374532 0.399668203382
3.867334167709637 0.622881124619 -1.13594903017 0.310405902972 0.450111105712
3.904881101376721 0.580457214606 -1.12305832773 0.328171045763 0.495288820127
3.942428035043805 0.538604414792 -1.10552750029 0.347531435487 0.535064686361
3.9799749687108887 0.497496834954 -1.0833666335 0.368282249068 0.56933839651
4.017521902377973 0.457307753891 -1.05660982384 0.390215586297 0.598046173719
4.055068836045057 0.418208719546 -1.0253152175 0.413121837845 0.621160972142
4.092615769712141 0.380368649407 -0.989564684347 0.436791066589 0.63869207998
4.130162703379224 0.343952943843 -0.949463637289 0.461014362321 0.650684961035
4.167709637046308 0.309122611045 -0.905140472351 0.485585191824 0.657220476455
4.2052565707133915 0.276033419486 -0.856746012382 0.510300704313 0.658414114346
4.2428035043804755 0.24483505892 -0.804452825426 0.534963027779 0.654415014825
4.280350438047559 0.215670369976 -0.748454253998 0.559380465414 0.645404526735
4.317897371714643 0.188674491846 -0.688963826024 0.583368810062 0.631595383295
4.355444305381727 0.163974236044 -0.626213820091 0.60675232699 0.613229510006
4.392991239048811 0.141687364402 -0.560453991334 0.629364883719 0.590576088307
4.430538172715895 0.121921934329 -0.491950535738 0.651050965259 0.563930014818
4.468085106382978 0.104775726574 -0.420984912564 0.671666562983 0.533610134502
4.505632040050062 0.0903356901569 -0.347851931016 0.691080061103 0.499956270489
4.543178973717146 0.0786774845441 -0.272858608175 0.709172946578 0.463327525083
4.58072590738423 0.0698650179035 -0.196322304822 0.725840545279 0.424099397024
4.618272841051314 0.0639501300415 -0.118569238006 0.740992525568 0.382661529025
4.655819774718398 0.0609722710829 -0.0399327187519 0.754553412934 0.339415003749
4.693366708385482 0.0609582621263 0.0392486170709 0.766462978608 0.294769634595
4.730913642052566 0.0639221512566 0.118632534314 0.77667648046 0.249141335577
4.76846057571965 0.0698650806398 0.197875100039 0.785164889851 0.202949205083
4.806007509386734 0.078775287986 0.276632305732 0.791914911763 0.156613077995
4.843554443053817 0.0906281176432 0.354562048134 0.796928990058 0.110550490043
4.881101376720901 0.105386131376 0.431325799519 0.800225163371 0.0651741583035
4.918648310387985 0.122999276949 0.50659043554 0.801836830952 0.0208892090726
4.956195244055069 0.143405122229 0.580030009922 0.801812419953 -0.0219095025174
4.993742177722153 0.166529157401 0.651327315998 0.800214953329 -0.0628397194626
5.031289111389237 0.192285153982 0.720175657449 0.797121528156 -0.101534448212
5.068836045056321 0.22057558934 0.786280398061 0.792622698754 -0.137644257959
5.1063829787234045 0.251292128336 0.849360479475 0.786821774636 -0.170839523963
5.1439299123904885 0.284316160718 0.909149862018 0.779834036305 -0.200812541907
5.1814768460575715 0.319519395109 0.965398871265 0.771785868477 -0.227279485233
5.2190237797246555 0.356764488927 1.01787547833 0.762813841227 -0.249982252497
5.256570713391739 0.395905717775 1.06636649221 0.753063734721 -0.268690169655
5.294117647058823 0.43678975113 1.11067853118 0.742689411219 -0.283201326983
5.331664580725907 0.479256380349 1.15063904271 0.731851758482 -0.29334399912
5.369211514392991 0.523139311257 1.18609710742 0.720717544928 -0.298977712273
5.406758448060075 0.568267014696 1.21692414365 0.709458190541 -0.299994146401
5.444305381727159 0.614463548369 1.24301451416 0.698248587952 -0.296317884171
5.481852315394243 0.66154944996 1.26428596387 0.687265823137 -0.28790688287
5.519399249061327 0.709342608027 1.28067995124 0.6766879371 -0.2747527794
5.55694618272841 0.757659163648 1.29216184685 0.666692647451 -0.256880980276
5.594493116395494 0.806314407971 1.29872099599 0.657456084981 -0.234350536006
5.632040050062578 0.855123680961 1.30037063342 0.649151538245 -0.207253781596
5.669586983729662 0.903903266899 1.29714772507 0.641948207652 -0.175715861341
5.707133917396746 0.952471279612 1.28911259668 0.636009989666 -0.139893918415
5.74468085106383 1.00064852203 1.27634850127 0.631494305904 -0.0999761924154
5.782227784730914 1.04825935061 1.25896103484 0.628550934167 -0.0561808759413
5.819774718397998 1.09513249392 1.2370774352 0.627320919993 -0.00875479528607
5.857321652065082 1.14110185178 1.2108457662 0.627935526675 0.0420280857566
5.894868585732165 1.18600726011 1.18043399147 0.6305152472 0.0958683295274
5.932415519399249 1.22969521893 1.14602894242 0.635168881599 0.152442846881
5.969962453066333 1.27201957456 1.10783517751 0.64199269463 0.211406880897
6.007509386733417 1.3128421751 1.06607378526 0.651069619685 0.27239607306
6.045056320400501 1.3520334709 1.02098108957 0.662468556729 0.335028670327
6.0826032540675845 1.38947302643 0.972807176035 0.676243823373 0.398907993831
6.1201501877346685 1.42505004395 0.921814532487 0.692434579641 0.463624727318
6.157697121401752 1.45866378685 0.86827649772 0.711064425376 0.528759484412
6.195244055068836 1.49022396178 0.81247571671 0.732141062677 0.593885352766
6.23279098873592 1.51965104076 0.754702514088 0.755656059712 0.658570551765
6.270337922403003 1.54687651194 0.695253281475 0.781584726801 0.722381044713
6.307884856070087 1.57184308304 0.634428789292 0.80988607323 0.784883259118
6.345431789737171 1.59450480794 0.572532539662 0.840502883057 0.84564671575
6.382978723404255 1.61482716262 0.509869059379 0.873361875733 0.904246738341
6.420525657071339 1.63278704946 0.446742260445 0.908373975548 0.960267029743
6.458072590738423 1.64837274486 0.383453769754 0.945434672924 1.01330227976
6.495619524405507 1.66158378166 0.320301297289 0.984424486404 1.06296068858
6.533166458072591 1.67243077125 0.257576986748 1.02520952147 1.10886649925
6.570713391739675 1.68093517058 0.195566005421 1.06764209728 1.15066211729
6.608260325406758 1.68712897831 0.134544874149 1.11156150711 1.18801063626
6.645807259073842 1.69105440274 0.0747801622327 1.15679479185 1.22059774938
6.683354192740926 1.69276344441 0.0165270297094 1.20315766288 1.24813388714
6.72090112640801 1.69231744591 -0.0399720644917 1.25045546137 1.27035606799
6.758448060075094 1.68978660903 -0.0944884811467 1.29848415312 1.28702945004
6.795994993742178 1.68524943828 -0.146808609698 1.34703144848 1.29794900883
6.833541927409262 1.67879215462 -0.196734912072 1.39587795325 1.30294093019
6.871088861076346 1.67050808554 -0.244086790799 1.44479834027 1.30186370245
6.90863579474343 1.66049700405 -0.288701425369 1.49356259816 1.29460913863
6.9461827284105135 1.64886445643 -0.330434489637 1.5419372841 1.28110319461
6.983729662077597 1.6357210453 -0.369160752517 1.58968683656 1.26130657881
7.0212765957446805 1.62118171588 -0.404774535058 1.63657486558 1.23521512084
7.0588235294117645 1.60536500169 -0.437190087472 1.68236549918 1.20285999329
7.0963704630788484 1.58839228392 -0.466341826257 1.72682468958 1.16430770187
7.133917396745932 1.57038702061 -0.492184435895 1.76972155285 1.11965983877
7.171464330413016 1.55147399325 -0.514692900444 1.81082967039 1.06905272283
7.2090112640801 1.53177854087 -0.533862345292 1.84992838654 1.01265671607
7.246558197747184 1.51142581634 -0.549707810983 1.88680405977 0.950675432064
7.284105131414268 1.49054003409 -0.562263902083 1.92125131216 0.88334473127
7.321652065081351 1.46924375168 -0.571584303788 1.95307420397 0.810931502935
7.359198998748435 1.44765716114 -0.577741201537 1.98208737823 0.733732286285
7.396745932415519 1.4258974074 -0.580824593102 2.00811714483 0.652071718117
7.434292866082603 1.40407793407 -0.580941497751 2.03100250372 0.566300814645
7.471839799749687 1.38230786003 -0.578215070176 2.05059610187 0.476795101654
7.509386733416771 1.36069139305 -0.572783619369 2.06676511351 0.383952594973
7.546933667083855 1.33932727994 -0.564799548913 2.07939204561 0.288191659091
7.584480600750939 1.31830829884 -0.554428217756 2.08837545933 0.189948743909
7.622027534418023 1.29772081098 -0.541846710042 2.09363057431 0.0896759856336
7.659574468085107 1.27764429215 -0.527242636672 2.0950899129 -0.0121611447767
7.69712140175219 1.25815099662 -0.510812752314 2.09270368559 -0.11508646504
7.734668335419274 1.23930568167 -0.492761536252 2.08644006408 -0.218615748162
7.772215269086358 1.22116528201 -0.473299865438 2.07628555292 -0.322259247251
7.809762202753442 1.20377871763 -0.452643546587 2.06224510585 -0.425524418334
7.847309136420526 1.18718673583 -0.431011857902 2.04434218047 -0.527918615839
7.88485607008761 1.17142180851 -0.408626078875 2.02261869121 -0.628951790736
7.9224030037546935 1.15650808472 -0.385708023691 1.99713486199 -0.728139164072
7.9599499374217775 1.14246141375 -0.362478422564 1.96796892478 -0.825004154381
7.997496871088861 1.12928938324 -0.339155826129 1.93521687404 -0.91908035227
8.035043804755945 1.11699141342 -0.315955347984 1.89899209008 -1.00991377271
8.07259073842303 1.10555902461 -0.293086359677 1.85942447191 -1.09706695668
8.110137672090113 1.09497583588 -0.270751403954 1.81666026598 -1.18012094133
8.147684605757197 1.08521814768 -0.249145727217 1.77086089573 -1.25867594654
8.185231539424281 1.07625507852 -0.228455505317 1.72220241981 -1.33235455419
8.222778473091363 1.06804892698 -0.208856445203 1.67087461635 -1.40080415133
8.260325406758447 1.06055556492 -0.190512852444 1.61708008626 -1.46369851725
8.297872340425531 1.05372498401 -0.173576772105 1.56103306388 -1.52073924641
8.335419274092615 1.04750168885 -0.158186857431 1.50295847741 -1.5716576998
8.3729662077597 1.04182523632 -0.144467527943 1.44309076918 -1.61621639949
8.410513141426783 1.0366308042 -0.132528302747 1.38167267285 -1.65421010799
8.448060075093867 1.03184973514 -0.122463025501 1.31895402726 -1.68546710422
8.485607008760951 1.02741016871 -0.114349446808 1.25519044801 -1.70984980053
8.523153942428035 1.02323761344 -0.108248591484 1.19064209804 -1.72725575888
8.560700876095119 1.01925562668 -0.104204641401 1.12557228787 -1.73761776197
8.598247809762203 1.01538640682 -0.102244388889 1.06024621336 -1.74090467021
8.635794743429287 1.01155146596 -0.102377397514 0.994929581027 -1.73712099682
8.67334167709637 1.00767233647 -0.104596003655 0.929887165164 -1.72630675978
8.710888610763455 1.00367112004 -0.108875200511 0.865381643057 -1.7085375791
8.748435544430539 0.999471176619 -0.115172947829 0.801672197684 -1.68392398154
8.785982478097623 0.994997774444 -0.123430538884 0.739013192622 -1.65261060899
8.823529411764707 0.990178676027 -0.133572947432 0.677652961363 -1.61477547639
8.86107634543179 0.98494478365 -0.145509422824 0.617832500769 -1.57062877248
8.898623279098874 0.979230661274 -0.159134072796 0.559784385845 -1.52041170273
8.936170212765957 0.972975146734 -0.174326621724 0.503731530424 -1.46439500432
8.97371714643304 0.96612183101 -0.19095320847 0.449886189191 -1.40287740872
9.011264080100124 0.95861959618 -0.208867321765 0.398448859499 -1.33618385007
9.048811013767208 0.950423023753 -0.227910757718 0.349607418051 -1.26466364756
9.086357947434292 0.941492855765 -0.247914675618 0.303536166874 -1.18868850784
9.123904881101376 0.931796353866 -0.268700762386 0.260395068987 -1.10865034244
9.16145181476846 0.921307620334 -0.290082363283 0.22032905144 -1.02495914783
9.198998748435544 0.910007914449 -0.311865777456 0.183467323599 -0.938040592777
9.236545682102628 0.897885877779 -0.333851520319 0.149922860393 -0.848333671112
9.274092615769712 0.884937730293 -0.355835656583 0.11979194122 -0.756288230246
9.311639549436796 0.87116740442 -0.377611156848 0.0931538035702 -0.66236246133
9.34918648310388 0.856586636671 -0.398969272201 0.0700703750763 -0.567020359428
9.386733416770964 0.841215067372 -0.419700904974 0.0505859906336 -0.47072919005
9.424280350438048 0.825080120489 -0.439598032658 0.0347275154285 -0.373956870673
9.461827284105132 0.808216979618 -0.458455135062 0.0225042911648 -0.277169343163
9.499374217772216 0.790668507815 -0.476070466648 0.0139081833517 -0.180828217409
9.5369211514393 0.772485029134 -0.492247505902 0.00891388629572 -0.0853881115444
9.574468085106384 0.753724126234 -0.506796252319 0.00747919685122 0.00870574372934
9.612015018773468 0.734450398464 -0.519534473241 0.00954536067776 0.101019812644
9.64956195244055 0.714735106725 -0.530289010595 0.0150376301841 0.191134664526
9.687108886107634 0.694655819032 -0.538896969486 0.0238658192611 0.27864717775
9.724655819774718 0.67429601782 -0.545206806796 0.0359249285429 0.363172568764
9.762202753441802 0.653744642303 -0.549079428807 0.0510958928323 0.444346437552
9.799749687108886 0.633095604141 -0.550389178191 0.0692463783955 0.521826620974
9.83729662077597 0.612447268111 -0.549024737385 0.09023164586 0.595294900604
9.874843554443054 0.591901894644 -0.544889961567 0.113895485023 0.664458588855
9.912390488110137 0.571565059878 -0.537904610433 0.140071194051 0.729051940632
9.949937421777221 0.551545041057 -0.528004998203 0.168582623942 0.788837423368
9.987484355444305 0.5319521896 -0.5151445264 0.199245249764 0.843606785842
10.02503128911139 0.512898279828 -0.499294130592 0.231867289731 0.893181978559
10.062578222778473 0.494495837309 -0.480442622007 0.266250864899 0.937415893224
10.100125156445557 0.47685747388 -0.458596907835 0.302193153116 0.976192894985
10.137672090112641 0.460095195839 -0.433782117784 0.339487594853 1.00942919293
10.175219023779725 0.444319728862 -0.406041614877 0.377925076124 1.03707301325
10.212765957446809 0.429639822555 -0.375436901358 0.417295152117 1.05910459203
10.250312891113893 0.41616158768 -0.342047409701 0.457387220616 1.0755359727
10.287859824780977 0.403987812461 -0.305970189668 0.497991737086 1.08641062478
10.32540675844806 0.39321732558 -0.267319491611 0.538901355716 1.0918028868
10.362953692115143 0.38394434176 -0.226226238533 0.57991210601 1.0918172181
10.400500625782227 0.376257866187 -0.182837409141 0.620824474677 1.08658730051
10.438047559449311 0.370241085461 -0.137315307372 0.661444516285 1.07627494501
10.475594493116395 0.365970826922 -0.0898367600101 0.701584853204 1.06106887742
10.513141426783479 0.363517009479 -0.0405922010957 0.741065695429 1.04118333011
10.550688360450563 0.362942170549 0.0102152987638 0.779715736878 1.01685654098
10.588235294117647 0.364301002817 0.0623711089184 0.817373040766 0.988349071602
10.62578222778473 0.367639930801 0.115650151477 0.853885861034 0.955942063792
10.663329161451815 0.372996758968 0.169818122134 0.889113351107 0.919935312296
10.700876095118899 0.380400340347 0.224632736504 0.922926240709 0.880645293686
10.738423028785983 0.389870293701 0.279845029074 0.955207435531 0.838403105546
10.775969962453066 0.401416794228 0.335200720834 0.985852500135 0.793552288129
10.81351689612015 0.415040391459 0.390441589848 1.01477009728 0.746446640284
10.851063829787234 0.430731879027 0.445306880775 1.0418823447 0.697447968425
10.888610763454318 0.448472242392 0.499534745477 1.06712504731 0.646923781003
10.926157697121402 0.468232638993 0.552863675666 1.09044787732 0.595244995173
10.963704630788486 0.489974427953 0.605033946624 1.11181447503 0.542783623226
11.00125156445557 0.513649280246 0.655789057336 1.13120242077 0.489910462176
11.038798498122654 0.539199331173 0.704877144796 1.14860313878 0.436992824651
11.076345431789736 0.566557323581 0.752052400047 1.16402181594 0.384392267133
11.11389236545682 0.595646956502 0.797076416528 1.17747699105 0.332462422864
11.151439299123904 0.626383106409 0.839719540261 1.18900034821 0.281546835955
11.188986232790988 0.658672222256 0.879762143709 1.19863623143 0.231976915374
11.226533166458072 0.692412720483 0.916995844632 1.20644115916 0.184069978891
11.264080100125156 0.727495402628 0.951224719726 1.21248330269 0.138127304919
11.30162703379224 0.763803994887 0.982266332986 1.21684176873 0.0944324835093
11.339173967459324 0.801215610452 1.00995285844 1.21960600603 0.053249615127
11.376720901126408 0.839601377744 1.03413193616 1.22087494576 0.0148219399589
11.414267834793492 0.878826979141 1.05466763936 1.22075628567 -0.0206297123485
11.451814768460576 0.918753354084 1.07144110204 1.21936551064 -0.0529079249297
11.48936170212766 0.959237280018 1.08435134993 1.21682510927 -0.0818400243142
11.526908635794744 1.00013209932 1.09331579776 1.2132635565 -0.107278873882
11.564455569461828 1.04128840318 1.09827075675 1.20881436533 -0.129103683772
11.602002503128912 1.08255475309 1.09917180534 1.20361507853 -0.147220601311
11.639549436795996 1.12377840936 1.09599404636 1.19780624908 -0.161563119931
11.67709637046308 1.16480606841 1.08873224894 1.19153040677 -0.17209230399
11.714643304130163 1.20548459248 1.07740109665 1.18493103677 -0.178797183212
11.752190237797247 1.24566176136 1.0620348839 1.1781515234 -0.181694267523
11.78973717146433 1.28518703426 1.04268736707 1.17133407758 -0.180827307187
11.827284105131413 1.32391224486 1.01943162101 1.1646187708 -0.176267067767
11.864831038798497 1.36169230434 0.992359661336 1.15814255635 -0.16811073174
11.902377972465581 1.39838595723 0.961581834958 1.1520382064 -0.156480927382
11.939924906132665 1.43385639555 0.927226409657 1.1464334742 -0.141525088108
11.97747183979975 1.46797198665 0.889438761415 1.14145007576 -0.123414160913
12.015018773466833 1.50060683649 0.848380688957 1.13720293133 -0.102341538718
12.052565707133917 1.53164143713 0.804229516826 1.13379927448 -0.0785216435554
12.090112640801001 1.56096320871 0.757177170905 1.13133792633 -0.0521884812036
12.127659574468085 1.58846703565 0.707429144976 1.12990857939 -0.0235940232454
12.165206508135169 1.61405577652 0.655203390148 1.12959112251 0.00699352894905
12.202753441802253 1.63764065097 0.60072924089 1.13045515665 0.0392914012959
12.240300375469337 1.65914170846 0.544246108282 1.13255938403 0.0730042900612
12.27784730913642 1.67848815565 0.486002247422 1.13595121648 0.107826262143
12.315394242803505 1.69561865937 0.426253451099 1.1406664212 0.143442768472
12.352941176470589 1.71048161685 0.365261684956 1.14672881682 0.17953274458
12.390488110137673 1.72303535267 0.303293714397 1.15415008236 0.215770711412
12.428035043804757 1.7332482772 0.240619700303 1.1629296245 0.251828918254
12.46558197747184 1.74109898561 0.177511783762 1.17305453566 0.287379491971
12.503128911138923 1.74657630489 0.114242666774 1.1844996306 0.322096582331
12.540675844806007 1.74967928905 0.0510841807862 1.19722756192 0.355658516773
12.57822277847309 1.75041715762 -0.0116941033681 1.21118901912 0.387749876665
12.615769712140175 1.74880919807 -0.0738262837454 1.22632298286 0.418063595933
12.653316645807259 1.744884586 -0.135051485746 1.24255710087 0.446302962368
12.690863579474343 1.73868216988 -0.19511518757 1.25980811521 0.472183558204
12.728410513141426 1.73025023483 -0.253770535209 1.2779823207 0.495435179548
12.76595744680851 1.71964614218 -0.3107795435 1.29697620366 0.515803545882
12.803504380475594 1.70693603098 -0.365914334736 1.31667698937 0.533052082678
12.841051314142678 1.69219437279 -0.418958217739 1.33696340046 0.546963416786
12.878598247809762 1.67550355573 -0.469706801097 1.35770637311 0.557340928595
12.916145181476846 1.65695337976 -0.517968905123 1.37876989317 0.564009967183
12.95369211514393 1.63664058087 -0.563567506601 1.40001178992 0.566819121782
12.991239048811014 1.61466825651 -0.606340572778 1.42128467086 0.565641287604
13.028785982478098 1.59114528811 -0.646141795612 1.44243685284 0.560374573593
13.066332916145182 1.56618570213 -0.682841248933 1.46331337906 0.550943064579
13.103879849812266 1.53990826258 -0.716325782357 1.48375666532 0.537297267399
13.14142678347935 1.51243553338 -0.746499677418 1.50360796496 0.519414743525
13.178973717146434 1.48389320097 -0.773285203284 1.52270843404 0.49730069418
13.216520650813516 1.45440973685 -0.796622221748 1.54089960197 0.470987194413
13.2540675844806 1.42411545898 -0.816468860841 1.55802483652 0.440533846427
13.291614518147684 1.39314192426 -0.832801397555 1.57393024076 0.406027327738
13.329161451814768 1.36162123989 -0.845614188472 1.58846567185 0.367580972404
13.366708385481852 1.3296853889 -0.854919580039 1.60148573769 0.325334328499
13.404255319148936 1.29746555695 -0.860747546562 1.61285075939 0.27945227633
13.44180225281602 1.26509147007 -0.863145483847 1.62242773431 0.230124399549
13.479349186483104 1.23269076537 -0.862177594452 1.63009120021 0.177563706666
13.516896120150188 1.20038835587 -0.857924474326 1.63572412996 0.122005676648
13.554443053817272 1.16830582971 -0.850482421959 1.63921873969 0.063706866152
13.591989987484355 1.13656088377 -0.839962716225 1.6404772365 0.00294347636467
13.62953692115144 1.10526674648 -0.826490896799 1.63941258435 -0.0599900790662
13.667083854818523 1.07453169977 -0.810205778588 1.63594907619 -0.12478300569
13.704630788485607 1.04445858163 -0.791258557269 1.63002294812 -0.191109818364
13.742177722152691 1.01514432158 -0.769811873104 1.62158293417 -0.258632088379
13.779724655819775 0.986679551682 -0.746038673641 1.61059067322 -0.327000491745
13.81727158948686 0.959148233498 -0.720121127582 1.59702109444 -0.395856768895
13.854818523153943 0.932627331384 -0.692249482797 1.58086271908 -0.46483575933
13.892365456821027 0.907186535084 -0.66262085479 1.56211787233 -0.533567532522
13.92991239048811 0.882888023004 -0.631438014761 1.54080282614 -0.60167950443
13.967459324155193 0.859786273163 -0.598908144788 1.51694785838 -0.66879859062
14.005006257822277 0.837927922583 -0.565241579803 1.49059722897 -0.734553363031
14.042553191489361 0.817351677109 -0.530650555154 1.46180907085 -0.798576178118
14.080100125156445 0.79808824551 -0.495347881774 1.43065523352 -0.860505416528
14.117647058823529 0.780160388101 -0.459545755295 1.39722094472 -0.919987455433
14.155193992490613 0.763582916267 -0.423454508678 1.36160455017 -0.976678753898
14.192740926157697 0.748362694045 -0.387281302439 1.32391724415 -1.03024804106
14.23028785982478 0.734499091217 -0.351229093792 1.28428206116 -1.08037786355
14.267834793491865 0.721983739486 -0.315495258727 1.24283401568 -1.12676698328
14.305381727158949 0.710801108188 -0.280270697073 1.19971889875 -1.16913164586
14.342928660826033 0.700928651647 -0.245738652212 1.15509277362 -1.20720749569
14.380475594493117 0.692336951386 -0.212073595128 1.10912148615 -1.24075138303
14.4180225281602 0.684990452045 -0.17944064981 1.06197922024 -1.2695420254
14.455569461827285 0.678847360789 -0.147994137127 1.01384838758 -1.29338248604
14.493116395494368 0.673860381628 -0.117877207522 0.964918205741 -1.31210047819
14.530663329161452 0.669977204611 -0.0892211920096 0.91538366485 -1.32554924411
14.568210262828536 0.667140659577 -0.06214449753 0.865445019419 -1.33360933941
14.60575719649562 0.665289445561 -0.036752359545 0.815306388011 -1.33618872545
14.643304130162702 0.664358550614 -0.0131362471863 0.765174843496 -1.33322358022
14.680851063829786 0.664279793477 0.00862651755669 0.715259318053 -1.3246786919
14.71839799749687 0.66498236161 0.0284730688951 0.665769522025 -1.31054772879
14.755944931163954 0.666393356499 0.0463552014813 0.616914861635 -1.29085332399
14.793491864831038 0.668438346411 0.0622395261048 0.568903349044 -1.26564707335
14.831038798498122 0.671041919272 0.0761075243276 0.521940523492 -1.23500935621
14.868585732165206 0.674128255962 0.0879553572921 0.476228364067 -1.19904872026
14.90613266583229 0.677621665291 0.0977938293192 0.431964252456 -1.15790154771
14.943679599499374 0.681447128215 0.105648129222 0.389339944293 -1.11173132977
14.981226533166458 0.68553083709 0.111557472174 0.348540560897 -1.06072776771
15.018773466833542 0.68980071735 0.115574696241 0.309743616876 -1.00510579935
15.056320400500626 0.694186922018 0.117765756831 0.273118108333 -0.945104452411
15.09386733416771 0.698622320857 0.118209145893 0.23882361869 -0.880985567952
15.131414267834794 0.703042952099 0.116995236174 0.207009500244 -0.813032401374
15.168961201501878 0.707388464834 0.114225542409 0.177814081744 -0.741548079925
15.206508135168962 0.711602510381 0.110011945683 0.151363972956 -0.666854006676
15.244055068836046 0.715633127438 0.104475817135 0.127773391056 -0.589288090363
15.28160200250313 0.719433070858 0.0977471255142 0.107143592446 -0.509202958868
15.319148936170214 0.722960127006 0.0899634534567 0.0895623383197 -0.42696401613
15.356695869837298 0.726177370434 0.0812690145656 0.0751034688976 -0.342947512636
15.39424280350438 0.729053402627 0.0718135860232 0.063826519083 -0.257538472364
15.431789737171464 0.731562533355 0.0617514560309 0.0557764398466 -0.171128657319
15.469336670838548 0.733684934277 0.0512403105497 0.0509833770461 -0.0841144319216
15.506883604505632 0.735406742651 0.0404401256098 0.0494625433101 0.00310535272457
15.544430538172715 0.736720134634 0.0295119943129 0.0512141522522 0.0901315820552
15.5819774718398 0.737623330607 0.0186170863745 0.0562234714025 0.176566856686
15.619524405506883 0.73812058436 0.00791546908097 0.0644609159562 0.262017709072
15.657071339173967 0.738222127918 -0.00243503262185 0.075882224334 0.346096743007
15.694618272841051 0.737944058819 -0.0122799023186 0.0904287370249 0.428424632848
15.732165206508135 0.737308193478 -0.0214690080972 0.108027741276 0.508632132826
15.76971214017522 0.736341889407 -0.0298576549829 0.12859287525 0.586362038683
15.807259073842303 0.735077818883 -0.03730760014 0.152024621431 0.661271074552
15.844806007509387 0.733553708537 -0.0436879976555 0.178210862389 0.733031649872
15.882352941176471 0.731812043086 -0.0488763306721 0.207027504794 0.801333586503
15.919899874843555 0.729899739252 -0.0527592628507 0.238339157872 0.865885698466
15.957446808510639 0.727867783925 -0.0552334422451 0.271999878179 0.926417281154
15.994993742177723 0.725770844509 -0.0562062364294 0.307853965887 0.982679474188
16.032540675844807 0.723666859147 -0.0555963915559 0.345736798721 1.03444648615
16.07008760951189 0.721616584008 -0.0533346522342 0.385475745241 1.08151674248
16.107634543178975 0.719683152151 -0.0493642420227 0.426891057098 1.12371378912
16.14518147684606 0.717931580331 -0.043641323879 0.469796857618 1.16088715146
16.182728410513143 0.716428287158 -0.0361353448886 0.514002110688 1.19291298999
16.220275344180227 0.715240582373 -0.0268293094661 0.559311642888 1.21969462468
16.25782227784731 0.714436155561 -0.0157199642809 0.605527168035 1.24116290218
16.295369211514394 0.714082563244 -0.0028178849721 0.652448315682 1.25727638853
16.33291614518148 0.714246697104 0.0118525026081 0.699873695287 1.26802144216
16.370463078848562 0.71499428385 0.0282530141223 0.747601904691 1.27341209023
16.408010012515646 0.716389346802 0.0463318636919 0.795432608799 1.27348978377
16.445556946182727 0.718493729248 0.0660239252792 0.843167509173 1.26832297387
16.48310387984981 0.721366567036 0.0872510673971 0.890611405782 1.25800655143
16.520650813516895 0.725063841904 0.109922574365 0.937573116548 1.24266114019
16.55819774718398 0.729637882721 0.133935649462 0.983866490615 1.22243223931
16.595744680851062 0.735136954174 0.159175988963 1.02931126831 1.19748924587
16.633291614518146 0.741604820478 0.185518437681 1.07373398692 1.16802433023
16.67083854818523 0.749080348941 0.212827719548 1.11696881811 1.13425118038
16.708385481852314 0.757597146314 0.24095922415 1.15885834754 1.09640364752
16.7459324155194 0.767183249206 0.269759793445 1.19925425026 1.05473438869
16.783479349186482 0.777860785945 0.299068694803 1.2380180408 1.00951318621
16.821026282853566 0.789645718667 0.328718566174 1.27502166753 0.961025312298
16.85857321652065 0.802547615657 0.358536414826 1.31014805712 0.90956979937
16.896120150187734 0.816569456769 0.388344729286 1.34329161156 0.855457512075
16.933667083854818 0.831707521793 0.417962072715 1.37435848845 0.799010118705
16.971214017521902 0.847951243634 0.447204780107 1.40326708639 0.740557142432
17.008760951188986 0.865282965787 0.475888253092 1.42994865471 0.680433716636
17.04630788485607 0.883678274975 0.503827234905 1.45434672104 0.618980091997
17.083854818523154 0.903105731729 0.530837488654 1.4764178023 0.556538725138
17.121401752190238 0.923527068006 0.556736840128 1.49613119377 0.493452452718
17.15894868585732 0.944897160271 0.581346295248 1.51346916634 0.430062545779
17.196495619524406 0.967164319131 0.60449112856 1.52842660932 0.366706797025
17.23404255319149 0.99027033002 0.626002002735 1.5410111098 0.303717567008
17.271589486858574 1.01415078263 0.645715959867 1.55124251845 0.241420033941
17.309136420525657 1.03873522692 0.663477606964 1.55915284222 0.180130117992
17.34668335419274 1.06394760463 0.679139890498 1.56478562147 0.120153097369
17.384230287859825 1.08970647072 0.692565162952 1.56819569781 0.0617817311241
17.42177722152691 1.11592541157 0.703626054265 1.56944863118 0.00529470324294
17.459324155193993 1.14251343227 0.712206282883 1.5686201646 -0.0490448274798
17.496871088861077 1.16937537496 0.718201404645 1.56579563305 -0.10099057527
17.53441802252816 1.19641243679 0.721519638781 1.56106922174 -0.150314622542
17.571964956195245 1.22352258265 0.722082333852 1.55454335744 -0.196808281907
17.60951188986233 1.25060108823 0.71982462041 1.54632791275 -0.240283300157
17.647058823529413 1.27754105997 0.714695871245 1.5365394308 -0.28057273079
17.684605757196497 1.30423397743 0.706660102229 1.52530031023 -0.317531710327
17.72215269086358 1.33057025307 0.69569626117 1.51273795602 -0.351038049981
17.759699624530665 1.35643978362 0.681798560604 1.49898394648 -0.380992899878
17.79724655819775 1.38173254337 0.664976478986 1.48417311408 -0.407320866446
17.834793491864833 1.40633914926 0.645254962157 1.4684426832 -0.429970460173
17.872340425531913 1.43015144468 0.622674234913 1.45193135741 -0.448913901256
17.909887359198997 1.45306307025 0.597289873663 1.43477844129 -0.46414735527
17.94743429286608 1.47497003408 0.569172390626 1.41712293899 -0.475690365214
17.984981226533165 1.49577127582 0.538407158963 1.39910267942 -0.48358584489
18.02252816020025 1.51536920323 0.505093832919 1.38085346162 -0.487899242712
18.060075093867333 1.53367023906 0.469346083053 1.36250819852 -0.488718223405
18.097622027534417 1.55058531727 0.431290888998 1.34419612135 -0.486151624156
18.1351689612015 1.5660303623 0.39106797003 1.32604201758 -0.480328638572
18.172715894868585 1.5799267867 0.348829170435 1.30816543742 -0.471397925194
18.21026282853567 1.59220200728 0.30473794973 1.29067987518 -0.459526887643
18.247809762202753 1.60278968261 0.25896808391 1.27369235881 -0.444899671415
18.285356695869837 1.61163017206 0.211702825136 1.25730270792 -0.427715902948
18.32290362953692 1.61867091637 0.163133910861 1.24160290959 -0.408189185194
18.360450563204004 1.62386669872 0.113461143121 1.2266767065 -0.386546538534
18.39799749687109 1.62717992209 0.0628911870649 1.21259912704 -0.363026555351
18.435544430538172 1.62858086381 0.0116360190292 1.19943603455 -0.337876979112
18.473091364205256 1.6280478486 -0.0400878366815 1.18724383437 -0.311353587513
18.51063829787234 1.62556739864 -0.0920604536417 1.17606920594 -0.283718444257
18.548185231539424 1.62113433937 -0.144059665827 1.16594889884 -0.255238127681
18.585732165206508 1.6147518618 -0.195862231905 1.15690959633 -0.226181958179
18.623279098873592 1.60643154082 -0.24724500143 1.14896784585 -0.196820224684
18.660826032540676 1.59619331004 -0.297986081255 1.14213005585 -0.167422412843
18.69837296620776 1.58406539268 -0.347865996321 1.13639255902 -0.138255444556
18.735919899874844 1.57008418894 -0.396668833378 1.13174174175 -0.109581946951
18.773466833541928 1.55429412093 -0.444183372649 1.12815423743 -0.0816585437793
18.811013767209012 1.53674743728 -0.490204179229 1.12559718108 -0.0547342125752
18.848560700876096 1.51750397366 -0.534532682457 1.12402852945 -0.0290486656155
18.88610763454318 1.49663087782 -0.576978197189 1.12339743504 -0.00483082454366
18.923654568210264 1.47420229141 -0.617358919911 1.12364468375 0.017702660055
18.961201501877348 1.45029900865 -0.655502841986 1.12470316803 0.0383487580786
18.99874843554443 1.42500806874 -0.691248695715 1.126498455 0.0569194489035
19.036295369211516 1.39842236288 -0.724446695517 1.1289493369 0.0732427967651
19.0738423028786 1.37064017829 -0.754959331496 1.13196847025 0.0871640952965
19.111389236545683 1.34176471901 -0.782662080277 1.13546304843 0.0985468794183
19.148936170212767 1.31190361291 -0.807443992679 1.13933549448 0.107273743626
19.18648310387985 1.28116839317 -0.829208241546 1.14348418883 0.113247092638
19.224030037546935 1.24967395551 -0.847872604207 1.14780422993 0.116389784888
19.26157697121402 1.21753800068 -0.863369845145 1.15218821411 0.116645617225
19.2991239048811 1.18488046716 -0.875648007102 1.15652702711 0.113979664217
19.336670838548184 1.151822954 -0.88467062136 1.16071064614 0.108378488295
19.374217772215268 1.11848813755 -0.890416854241 1.16462894772 0.0998502481991
19.41176470588235 1.0849991822 -0.892881555933 1.16817251941 0.0884246525089
19.449311639549435 1.05147915217 -0.892075218356 1.17123346536 0.0741527702127
19.48685857321652 1.01805042447 -0.888023848737 1.17370620551 0.0571067087857
19.524405506883603 0.984834111801 -0.880768761268 1.17548825481 0.0373791650094
19.561952440550687 0.951949492672 -0.870366289152 1.17648098651 0.015082851838
19.59949937421777 0.919513453188 -0.856887425213 1.17659037306 -0.00965018493813
19.637046307884855 0.887639947577 -0.840417342046 1.17572769095 -0.0366694359432
19.67459324155194 0.856439473451 -0.821054884391 1.17381020074 -0.0658068379576
19.712140175219023 0.826018569152 -0.798911980687 1.17076178792 -0.0968778061441
19.749687108886107 0.796479335194 -0.77411297052 1.16651356093 -0.129682393403
19.78723404255319 0.767918985065 -0.74679386217 1.16100439912 -0.164006553017
19.824780976220275 0.740429415482 -0.717101555988 1.15418146808 -0.199623450446
19.86232790988736 0.71409681508 -0.685192996812 1.14600067044 -0.236294877603
19.899874843554443 0.689001305609 -0.651234272563 1.13642704247 -0.273772743765
19.937421777221527 0.665216616201 -0.615399666944 1.125435096 -0.311800630337
19.97496871088861 0.642809794217 -0.57787067829 1.11300910092 -0.350115389131
20.012515644555695 0.621840954237 -0.53883500376 1.09914330573 -0.388448784869
20.05006257822278 0.60236308895 -0.498485480442 1.08384205851 -0.426529188206
20.087609511889863 0.584421821162 -0.4570190741 1.06712002302 -0.464083209868
20.125156445556946 0.568055351239 -0.414635733976 1.0490020806 -0.500837490812
20.16270337922403 0.553294322757 -0.371537339868 1.02952336591 -0.536520368251
20.200250312891114 0.540161740163 -0.327926594529 1.00872921791 -0.570863614088
20.2377972465582 0.528673075658 -0.284005907142 0.986674834786 -0.603604127997
20.275344180225282 0.518836152147 -0.239976340958 0.963425283111 -0.634485596739
20.312891113892366 0.510651325311 -0.196036519743 0.9390550373 -0.663260125754
20.35043804755945 0.504111583576 -0.152381625195 0.913647654555 -0.689689747503
20.387984981226534 0.499202588637 -0.109202312285 0.887295535929 -0.713548083333
20.425531914893618 0.495903015673 -0.066683798286 0.86009923449 -0.734621624575
20.463078848560702 0.494184640105 -0.0250048409926 0.832167149822 -0.752711276071
20.500625782227786 0.494012697214 0.0156631165023 0.803614811317 -0.767633538766
20.53817271589487 0.495346153022 0.0551567926982 0.774564301286 -0.779221706238
20.575719649561954 0.49813800479 0.0933218854912 0.745143634713 -0.787327003698
20.613266583229038 0.502335622973 0.130013828077 0.715486080449 -0.791819611325
20.65081351689612 0.507881137873 0.165098470783 0.685729420039 -0.792589550716
20.688360450563206 0.514711851852 0.198452691607 0.656015174057 -0.789547444984
20.725907384230286 0.522760666074 0.229964930536 0.626487814091 -0.782625147599
20.76345431789737 0.531956515246 0.259535694886 0.597293965568 -0.771776320458
20.801001251564454 0.542224829347 0.287077951175 0.568581581172 -0.756976814727
20.838548185231538 0.553488010311 0.312517445692 0.54049909935 -0.73822492823
20.876095118898622 0.56566590808 0.335793001244 0.513194606857 -0.715541623277
20.913642052565706 0.578676331346 0.356856626436 0.486814969337 -0.68897042136
20.95118898623279 0.592435537293 0.375673634904 0.461504994984 -0.658577320583
20.988735919899874 0.606858730634 0.392222657628 0.437406597412 -0.62445053184
21.026282853566958 0.621860562473 0.406495600044 0.41465796641 -0.586700122832
21.06382978723404 0.637355626995 0.418497509415 0.393392754499 -0.545457512883
21.101376720901126 0.653258948525 0.428246305471 0.373739298792 -0.50087474217
21.13892365456821 0.669486464099 0.435772579276 0.355819841071 -0.453123856266
21.176470588235293 0.68595549535 0.441119175463 0.339749795828 -0.402395932007
21.214017521902377 0.70258518674 0.44434072057 0.325637083247 -0.34890002332
21.25156445556946 0.719296953074 0.445503202303 0.313581439774 -0.292862189478
21.289111389236545 0.736014897449 0.44468338855 0.303673801168 -0.234524264472
21.32665832290363 0.752666185485 0.441968156096 0.295995773865 -0.174142488854
21.364205256570713 0.769181427083 0.437453869802 0.290619086966 -0.11198622384
21.401752190237797 0.785495040875 0.431245688013 0.287605083968 -0.0483365472964
21.43929912390488 0.801545523139 0.423456689303 0.287004406098 0.0165154189641
21.476846057571965 0.817275753113 0.41420708696 0.288856600313 0.0822700464908
21.51439299123905 0.832633235197 0.40362339022 0.293189846276 0.148620806104
21.551939924906133 0.847570344812 0.391837575598 0.300020675952 0.215255857826
21.589486858573217 0.86204449384 0.378986100037 0.309353855846 0.281859879722
21.6270337922403 0.876018289866 0.365209009777 0.321182269513 0.348115734004
21.664580725907385 0.889459649931 0.35064899871 0.335486886652 0.413706200097
21.70212765957447 0.90234188589 0.335450420555 0.352236792909 0.478315781969
21.739674593241553 0.914643743226 0.31975836993 0.371389290556 0.541632374152
21.777221526908637 0.926349414198 0.303717718323 0.392890054776 0.603349000107
21.81476846057572 0.937448512219 0.287472215448 0.416673349018 0.663165419784
21.852315394242805 0.94793601455 0.271163513099 0.442662313795 0.72078986617
21.88986232790989 0.957812161787 0.254930241823 0.470769326294 0.775940672859
21.927409261576972 0.967082325829 0.238907143287 0.500896409936 0.828347792067
21.964956195244056 0.975756828245 0.223224173792 0.532935744274 0.877754349716
22.00250312891114 0.983850855114 0.208006026718 0.566769914887 0.92391747744
22.040050062578224 0.991384089224 0.193370971861 0.602272832334 0.966610287993
22.07759699624531 0.99838051006 0.179429703517 0.639310324199 1.00562388354
22.115143929912392 1.004868133 0.166285668694 0.677740583874 1.04076669046
22.152690863579473 1.01087870863 0.15403410205 0.717414930353 1.07186610515
22.190237797246557 1.01644739056 0.142760990786 0.758178648645 1.09877025898
22.22778473091364 1.02161238543 0.132543004421 0.799871693868 1.12134804463
22.265331664580724 1.0264145969 0.123446951874 0.842329494312 1.1394899902
22.30287859824781 1.03089724267 0.115529352367 0.885383794004 1.15310892149
22.340425531914892 1.03510546635 0.108836162174 0.928863485182 1.16214034647
22.377972465581976 1.03908593571 0.103402515484 0.972595468407 1.16654280949
22.41551939924906 1.04288642951 0.099252573309 1.01640552676 1.16629804812
22.453066332916144 1.04655542782 0.0963994062662 1.06011919119 1.1614110916
22.490613266583228 1.05014169179 0.0948449486876 1.10356262078 1.15191022835
22.528160200250312 1.05369385188 0.0945800517109 1.14656346192 1.13784679713
22.565707133917396 1.05725997707 0.0955846744989 1.18895173345 1.11929472606
22.60325406758448 1.0608871894 0.0978279614184 1.23056063688 1.09635028644
22.640801001251564 1.0646212524 0.10126854095 1.27122740052 1.06913144218
22.678347934918648 1.06850618591 0.105854845421 1.31079407451 1.03777716618
22.715894868585732 1.07258388322 0.111525498693 1.34910831779 1.00244663545
22.753441802252816 1.07689376108 0.11820976143 1.38602412202 0.963318327245
22.7909887359199 1.08147240865 0.125828044575 1.42140253314 0.920588992891
22.828535669586984 1.0863532732 0.13429247094 1.45511230355 0.874472550323
22.866082603254068 1.09156635099 0.143507504473 1.48703053063 0.825198855789
22.90362953692115 1.09713792386 0.153370601553 1.5170432106 0.773012440856
22.941176470588236 1.10309029736 0.163772937412 1.54504578529 0.718171115714
22.97872340425532 1.10944158916 0.174600146495 1.57094359554 0.660944552101
23.016270337922403 1.1162055319 0.185733120848 1.59465230511 0.601612764071
23.053817271589487 1.1233913036 0.197048814984 1.6160982733 0.540464579407
23.09136420525657 1.13100340959 0.208421104615 1.63521882929 0.477796019252
23.128911138923655 1.13904156545 0.21972163524 1.65196254523 0.413908695572
23.16645807259074 1.14750064649 0.230820716514 1.66628938331 0.349108131933
23.204005006257823 1.15637064869 0.241588200982 1.67817082217 0.283702112355
23.241551939924907 1.16563667769 0.251894378263 1.68758993011 0.217999004387
23.27909887359199 1.17527900021 0.261610863834 1.69454132107 0.152306095689
23.316645807259075 1.18527309346 0.270611492649 1.69903111556 0.0869279195293
23.35419274092616 1.19558978088 0.278773155187 1.70107672738 0.0221646846483
23.391739674593243 1.20619525397 0.285976755336 1.70070693236 -0.0416894901463
23.429286608260327 1.21705142523 0.29210785872 1.69796115024 -0.104347849353
23.46683354192741 1.22811596431 0.297057651347 1.69288952432 -0.165532750663
23.504380475594495 1.23934257925 0.300723626671 1.6855524081 -0.224976978655
23.54192740926158 1.25068122187 0.303010413141 1.67602006895 -0.282425288321
23.57947434292866 1.26207845265 0.30383032719 1.66437199489 -0.337635486795
23.617021276595743 1.27347766593 0.303104136255 1.65069657958 -0.390379855659
23.654568210262827 1.28481947123 0.300761555984 1.63509041742 -0.440446129007
23.69211514392991 1.29604201955 0.296741902989 1.61765777825 -0.487638735604
23.729662077596995 1.30708138204 0.290994254214 1.59850985846 -0.531779166202
23.76720901126408 1.31787184311 0.283478477841 1.57776445902 -0.572707885136
23.804755944931163 1.32834643204 0.274165059753 1.55554485995 -0.610284133543
23.842302878598247 1.33843728065 0.263035536094 1.53197924392 -0.644386782207
23.87984981226533 1.34807602733 0.250082773371 1.5071999971 -0.674914923068
23.917396745932415 1.35719423257 0.23531109578 1.48134295424 -0.701788191565
23.9549436795995 1.36572389344 0.218736398199 1.45454647414 -0.724947089788
23.992490613266582 1.3735977867 0.20038612232 1.42695081803 -0.744353028146
24.030037546933666 1.38074994112 0.180299225116 1.39869729286 -0.759988388455
24.06758448060075 1.38711606147 0.158526051308 1.36992747681 -0.771856408643
24.105131414267834 1.3926339475 0.135128146295 1.34078244977 -0.779980965082
24.14267834793492 1.39724393057 0.110177982536 1.31140198613 -0.784406212358
24.180225281602002 1.40088925278 0.0837586451693 1.28192384816 -0.785196141063
24.217772215269086 1.40351647706 0.0559634252544 1.25248301661 -0.782433987822
24.25531914893617 1.40507586283 0.0268953572058 1.22321097849 -0.776221544522
24.292866082603254 1.40552165956 -0.00333320455907 1.19423516519 -0.766678516033
24.330413016270338 1.40481255544 -0.0346013000223 1.16567808735 -0.753941427021
24.367959949937422 1.40291192143 -0.0667799214402 1.13765684906 -0.738162747383
24.405506883604506 1.39978810771 -0.0997326791761 1.11028255731 -0.719509851452
24.44305381727159 1.39541471305 -0.133316539181 1.08365977186 -0.698163854915
24.480600750938674 1.38977083037 -0.167382640162 1.05788598838 -0.674318317997
24.518147684605758 1.38284120696 -0.201776897319 1.03305129307 -0.648178284562
24.55569461827284 1.37461646599 -0.236341048744 1.00923786066 -0.619958609725
24.593241551939926 1.3650933019 -0.270913597048 0.986519509057 -0.589882454585
24.63078848560701 1.35427445033 -0.305330389286 0.964961683497 -0.55818034039
24.668335419274094 1.34216886562 -0.339425739077 0.94462101771 -0.525088350409
24.705882352941178 1.32879174804 -0.373033280117 0.92554518419 -0.490846749702
24.74342928660826 1.31416452562 -0.405986906271 0.907772806294 -0.455698463073
24.780976220275345 1.29831485446 -0.438121688005 0.891333342644 -0.419887591976
24.81852315394243 1.28127654711 -0.469274807945 0.876247087061 -0.383657895264
24.856070087609513 1.26308946683 -0.499286463834 0.862525224733 -0.347251322856
24.893617021276597 1.24379941936 -0.528000777247 0.850169891999 -0.310906539007
24.93116395494368 1.22345795907 -0.555266694166 0.839174371957 -0.274857454863
24.968710888610765 1.20212223315 -0.580938717294 0.829523248559 -0.239332035959
25.006257822277846 1.17985470514 -0.60487800173 0.82119270584 -0.204550515735
25.04380475594493 1.15672292815 -0.626952873234 0.814150815015 -0.170724547147
25.081351689612013 1.13279925115 -0.647039708813 0.808357881674 -0.13805576477
25.118898623279097 1.1081605064 -0.665023624572 0.8037668416 -0.106734658485
25.15644555694618 1.08288766272 -0.680799155154 0.800323707555 -0.0769394597237
25.193992490613265 1.05706546258 -0.694270860435 0.797968045761 -0.0488351451279
25.23153942428035 1.03078204488 -0.70535387263 0.796633477945 -0.0225725361647
25.269086357947433 1.00412850821 -0.71397443656 0.796248269208 0.00171259249499
25.306633291614517 0.977198527657 -0.720070295934 0.796735849835 0.0239001534097
25.3441802252816 0.950087868966 -0.72359112194 0.798015479884 0.0438864597162
25.381727158948685 0.922893971765 -0.724498785367 0.800002824735 0.0615846829671
25.41927409261577 0.895715473421 -0.722767618539 0.802610614021 0.0769252976808
25.456821026282853 0.868651718129 -0.718384592855 0.805749324827 0.0898563910716
25.494367959949937 0.841802332574 -0.711349412961 0.809327773834 0.10034383589
25.53191489361702 0.815266701546 -0.701674566254 0.813253850294 0.108371397432
25.569461827284105 0.789143510202 -0.689385291042 0.817435156975 0.113940707482
25.60700876095119 0.763530264802 -0.674519477804 0.821779682032 0.117071133136
25.644555694618273 0.738522839406 -0.657127169267 0.826196467024 0.117799069526
25.682102628285357 0.714214781943 -0.637271889894 0.830596416512 0.116179780596
25.71964956195244 0.690697426749 -0.615027290453 0.834892458887 0.112282677645
25.757196495619525 0.668058807834 -0.590479673895 0.839000756716 0.106194801731
25.79474342928661 0.646383628893 -0.563726146361 0.842840899604 0.0980181932244
25.832290362953692 0.625752698789 -0.534874593323 0.846336635289 0.0878697925205
25.869837296620776 0.606242611894 -0.504042866811 0.849416337866 0.0758802344773
25.90738423028786 0.587925356277 -0.471358259427 0.852013534331 0.0621930318455
25.944931163954944 0.570867966327 -0.436956857457 0.854067374737 0.0469635847457
25.982478097622028 0.55513226233 -0.40098294803 0.855522983647 0.0303582769013
26.020025031289112 0.540774420862 -0.363587999775 0.856332034746 0.0125529195597
26.057571964956196 0.527844847074 -0.324930096448 0.856452909291 -0.00626811104115
26.09511889862328 0.516387921968 -0.285173079785 0.855851021013 -0.0259131781
26.132665832290364 0.506441749434 -0.24448563561 0.854499137543 -0.046184772356
26.170212765957448 0.49803804891 -0.203040451602 0.852377493226 -0.0668807856128
26.207759699624532 0.491201975534 -0.161013337719 0.849474005414 -0.0877958429693
26.245306633291616 0.485952041886 -0.118582290919 0.845784337947 -0.108722709519
26.2828535669587 0.482300063909 -0.0759265783716 0.841311929142 -0.129453664334
26.320400500625784 0.480251073598 -0.0332258285611 0.836068069678 -0.149781866637
26.357947434292868 0.479803404954 0.00934092962045 0.830071719845 -0.169502776201
26.39549436795995 0.480948700018 0.0515961531797 0.82334944903 -0.18841546749
26.433041301627032 0.483671946641 0.0933647093905 0.815935326413 -0.206323999252
26.470588235294116 0.487951640841 0.134474753533 0.80787062774 -0.223038687591
26.5081351689612 0.493759908413 0.174758592608 0.799203603955 -0.23837736283
26.545682102628284 0.501062640236 0.21405355201 0.789989229216 -0.252166629202
26.583229036295368 0.509819743939 0.252202768572 0.780288779291 -0.264242984993
26.62077596996245 0.519985368368 0.28905595977 0.770169452283 -0.274453909136
26.658322903629536 0.531508132957 0.32447019721 0.759703981869 -0.282658953765
26.69586983729662 0.544331449627 0.358310574218 0.74897011885 -0.28873064961
26.733416770963704 0.558393835803 0.390450836626 0.738050129029 -0.29255535348
26.770963704630788 0.573629226769 0.42077402035 0.72703029182 -0.294034106942
26.80851063829787 0.589967348987 0.449172979573 0.716000315257 -0.293083307696
26.846057571964955 0.607334108863 0.475550838553 0.705052734373 -0.289635255215
26.88360450563204 0.62565196872 0.499821456956 0.694282328067 -0.283638720678
26.921151439299123 0.644840357727 0.521909813701 0.683785489844 -0.275059379296
26.958698372966207 0.664816111871 0.541752241742 0.673659568092 -0.263879997849
26.99624530663329 0.685493892644 0.559296696684 0.664002236329 -0.250100680836
27.033792240300375 0.706786620147 0.574502997007 0.654910843815 -0.233739068232
27.07133917396746 0.728605937873 0.587342813657 0.646481742303 -0.21483012547
27.108886107634543 0.750862647682 0.5977997541 0.638809650199 -0.193426091206
27.146433041301627 0.773467157544 0.60586941293 0.631987000004 -0.169596368781
27.18397997496871 0.796329935558 0.611559161532 0.626103303609 -0.143426999506
27.221526908635795 0.81936194528 0.614888061325 0.621244534399 -0.115020337922
27.25907384230288 0.842475081664 0.615886602324 0.617492527208 -0.08449444821
27.296620775969963 0.865582595193 0.614596424697 0.614924399211 -0.0519824766016
27.334167709637047 0.888599503127 0.611069995251 0.613611996626 -0.0176319554433
27.37171464330413 0.911442992086 0.60537021593 0.613621362853 0.0183959987551
27.409261576971215 0.934032798134 0.59756993725 0.615012253491 0.0559276325974
27.4468085106383 0.956291566906 0.587751433865 0.617837688054 0.0947775576054
27.484355444305383 0.978145205472 0.576005886446 0.622143514628 0.134749739297
27.521902377972467 0.9995232029 0.562432763223 0.627968036552 0.17563863701
27.55944931163955 1.02035892414 0.547139152197 0.635341688218 0.217230414133
27.596996245306634 1.04058988392 0.530239061481 0.644286747153 0.259304192798
27.63454317897372 1.06015800498 0.511852754995 0.654817068478 0.301633246452
27.672090112640802 1.07900983256 0.492105994839 0.666937901186 0.343986327298
27.709637046307886 1.09709672347 0.471129246669 0.680645750574 0.386129044043
27.74718397997497 1.11437500698 0.449056884294 0.695928287449 0.427825230758
27.784730913642054 1.13080610002 0.42602637454 0.712764335193 0.468838330602
27.822277847309138 1.14635666215 0.402177472139 0.731123789808 0.508932777984
27.85982478097622 1.1609985895 0.377651383489 0.750967810709 0.547875370698
27.897371714643302 1.17470914446 0.352589959356 0.772248783143 0.585436645322
27.934918648310386 1.18747089434 0.327134849983 0.794910601903 0.621392241539
27.97246558197747 1.19927167586 0.301426703077 0.818888908188 0.655524203433
28.010012515644554 1.21010464267 0.275604347023 0.844111189523 0.68762233949
28.04755944931164 1.21996804668 0.249804023396 0.870497318228 0.717485393578
28.085106382978722 1.22886522365 0.224158620892 0.897959749472 0.744922294993
28.122653316645806 1.23680443688 0.198796921526 0.926403954588 0.769753331312
28.16020025031289 1.24379865499 0.173842961327 0.955728952666 0.791811102202
28.197747183979974 1.24986545919 0.149415267753 0.985827638766 0.81094173179
28.235294117647058 1.25502673411 0.12562630981 1.0165874514 0.827005636571
28.272841051314142 1.25930845103 0.102581916834 1.04789088887 0.839878381037
28.310387984981226 1.26274047904 0.0803805961595 1.07961598974 0.849451717126
28.34793491864831 1.26535619159 0.0591132333652 1.11163711457 0.855633891834
28.385481852315394 1.26719222924 0.0388625579107 1.1438254913 0.858350414604
28.423028785982478 1.26828817751 0.0197027619614 1.17604988621 0.857544530367
28.46057571964956 1.26868625123 0.00169915009519 1.20817726032 0.853177641576
28.498122653316646 1.26843094533 -0.0150921165715 1.24007347155 0.845229555074
28.53566958698373 1.26756868708 -0.0306242313003 1.27160396883 0.833698651363
28.573216520650814 1.26614748226 -0.044859911499 1.30263449173 0.818601980561
28.610763454317897 1.26421655734 -0.0577715023877 1.33303176879 0.799975242208
28.64831038798498 1.26182599649 -0.0693410111599 1.36266421604 0.777872642457
28.685857321652065 1.25902637173 -0.0795600670228 1.39140263925 0.75236661827
28.72340425531915 1.2558683684 -0.0884298602794 1.41912094289 0.723547521744
28.760951188986233 1.25240246593 -0.0959609962729 1.4456967232 0.691523185668
28.798498122653317 1.24867859545 -0.102173301554 1.47101190034 0.656418391244
28.8360450563204 1.24474582213 -0.107095597755 1.49495329992 0.618374291496
28.873591989987485 1.24065190211 -0.110765330477 1.51741345823 0.577547507095
28.91113892365457 1.23644301624 -0.113228231901 1.53829109463 0.534109376906
28.948685857321653 1.23216348566 -0.114537929554 1.55749161294 0.48824510125
28.986232790988737 1.22785548605 -0.114755482989 1.57492759868 0.440152752505
29.02377972465582 1.22355877149 -0.113948877748 1.59051929439 0.390042211243
29.061326658322905 1.21931042139 -0.112192484713 1.604195028 0.338134049196
29.09887359198999 1.2151446097 -0.109566479408 1.61589159556 0.28465834811
29.136420525657073 1.21109242554 -0.106156304814 1.6255545509 0.229853621863
29.173967459324157 1.20718163096 -0.102051895119 1.63313859228 0.173965265609
29.21151439299124 1.20343651302 -0.0973469959461 1.63860777994 0.117244223321
29.249061326658325 1.1998777933 -0.0921385603631 1.6419356521 0.0599458190508
29.286608260325405 1.19652252871 -0.0865260947042 1.64310535303 0.00232848751829
29.32415519399249 1.1933840036 -0.0806109079342 1.64210976839 -0.0553476819606
29.361702127659573 1.1904716628 -0.0744953447243 1.63895158184 -0.112822417779
29.399249061326657 1.18779109592 -0.068282055631 1.63364323774 -0.169836651839
29.43679599499374 1.18534405103 -0.0620732908578 1.62620685036 -0.226133855321
29.474342928660825 1.18312845889 -0.0559701884281 1.61667409185 -0.281461384807
29.51188986232791 1.18113848301 -0.0500720579318 1.60508603018 -0.335571832291
29.549436795994993 1.17936460374 -0.0444756823052 1.59149290338 -0.388224333891
29.586983729662077 1.17779371507 -0.0392746311337 1.57595386999 -0.439185855798
29.62453066332916 1.17640927555 -0.0345586094767 1.5585366581 -0.488232403709
29.662077596996244 1.17519145987 -0.0304128355661 1.53931721462 -0.535150180934
29.69962453066333 1.17411733684 -0.026917443185 1.51837930478 -0.579736697893
29.737171464330412 1.17316107261 -0.0241469222276 1.49581406477 -0.621801808146
29.774718397997496 1.17229414453 -0.0221695816251 1.47171953464 -0.661168702438
29.81226533166458 1.17148559196 -0.0210470777053 1.4462001227 -0.697674778771
29.849812265331664 1.17070227152 -0.0208339701242 1.41936606219 -0.731172462019
29.887359198998748 1.16990913064 -0.0215773284296 1.39133283379 -0.761529929827
29.924906132665832 1.16906949668 -0.023316392362 1.36222055984 -0.788631739658
29.962453066332916 1.16814537221 -0.0260822616985 1.3321533868 -0.812379401845
30.0 1.16709775084 -0.0298976763578 1.30125882988 -0.832691787647
